966.000000 -215.000000 941.000000, -246.000000 -21.000000 653.000000, 605.000000 122.000000 -403.000000, -774.000000 -338.000000 -869.000000, 
701.844727 -180.536652 641.120483, -327.485870 36.372475 471.214874, 450.563965 118.792465 -378.637421, -559.221558 -174.618942 -561.614014, 
595.883240 -177.479080 551.433472, -403.942352 85.871353 486.013489, 466.217987 144.386063 -426.641174, -519.085938 -152.819733 -516.689026, 
542.643799 -193.611755 509.660583, -443.803955 129.104263 492.832306, 474.689178 173.034302 -455.134644, -500.006470 -164.645004 -500.267273, 
513.184509 -216.423492 487.411774, -461.320007 170.530167 492.191254, 476.348297 204.655579 -467.297699, -489.189880 -189.637604 -491.116150, 
495.437744 -242.778168 473.907227, -466.082458 208.772842 487.617218, 473.708771 236.806213 -469.305145, -480.880524 -219.075577 -484.092865, 
482.724579 -270.773468 463.801270, -464.236328 244.821518 480.593750, 468.077911 268.493469 -466.125122, -472.877808 -251.046265 -476.942169, 
472.087219 -298.801788 454.834900, -459.085449 278.706818 472.377319, 460.848022 298.937347 -459.975677, -464.510864 -282.322906 -468.815704, 
462.464142 -325.698395 446.226776, -452.074493 308.796417 463.951111, 452.381958 326.598724 -452.257690, -456.419464 -311.492279 -460.274780, 
453.068481 -349.866089 438.092773, -444.558105 334.975677 455.425385, 443.863495 350.916534 -444.460632, -448.529205 -337.060303 -452.048096, 
445.604584 -369.580414 430.529938, -437.138702 355.923492 448.332794, 435.681946 371.448944 -437.030731, -441.054108 -358.170959 -444.509857, 
439.127380 -385.385071 423.702057, -430.884186 372.143433 442.666138, 428.690491 387.895905 -430.546875, -434.855347 -374.281067 -438.007660, 
434.166382 -397.464203 418.336975, -425.588226 383.968170 438.169891, 423.344482 400.009308 -425.329742, -429.546753 -386.408356 -432.990692, 
430.809601 -405.814880 414.300690, -421.842102 392.253815 435.139313, 419.138611 408.591125 -421.391663, -425.953827 -394.814331 -428.753662, 
428.253265 -411.377045 411.526337, -419.159973 397.965820 432.988190, 416.223724 414.342957 -418.829468, -423.263519 -400.384033 -426.077972, 
426.833252 -415.085876 409.239441, -417.856323 401.073456 431.186981, 414.235229 418.256104 -416.774261, -421.655243 -404.307434 -424.557922, 
425.775208 -417.683441 407.849487, -416.433136 403.476440 430.460236, 412.646790 420.916412 -415.611877, -420.391907 -406.818115 -423.288086, 
425.358704 -418.898895 406.739197, -415.705444 404.722290 430.119171, 411.294830 422.464233 -415.258087, -420.060883 -408.373688 -422.436890, 
425.611481 -419.469849 405.842865, -415.021301 405.391571 430.101318, 410.136597 423.475769 -415.391174, -419.972534 -409.561951 -421.466705, 
425.801819 -419.863007 405.318542, -414.680328 405.858276 430.155426, 409.338806 424.233368 -415.375824, -419.652161 -410.356140 -420.801483, 
426.162109 -419.878845 405.099976, -414.261475 406.098267 430.294403, 408.425690 424.639648 -415.745178, -419.510376 -411.200287 -420.104706, 
426.567505 -419.652374 405.046906, -414.223541 406.327332 430.272278, 407.732513 424.762299 -415.989594, -419.456696 -411.889069 -419.500183, 
426.826843 -419.521942 404.989838, -414.153717 406.459167 430.441742, 407.184570 424.810516 -416.184784, -419.573334 -412.261963 -418.999115, 
427.286133 -419.259735 404.541138, -413.881500 406.673615 430.302795, 406.728027 424.867249 -416.824982, -419.807770 -412.908173 -418.310364, 
427.838898 -419.280151 404.298889, -413.363739 406.562714 430.674622, 406.152893 424.952332 -417.245483, -419.862823 -413.112030 -417.996124, 
428.139618 -418.979919 404.347015, -413.200653 406.808563 430.488770, 405.759430 424.809143 -417.815216, -419.895630 -413.782013 -417.322601, 
428.787842 -418.355804 404.276001, -413.389771 406.517181 430.652771, 405.198090 424.949829 -418.191406, -419.830841 -414.130157 -417.026947, 
428.903259 -418.100311 404.361389, -413.240326 406.569366 430.509369, 404.831238 424.854401 -418.693359, -419.762970 -414.655853 -416.824951, 
429.126343 -417.996826 404.319611, -413.165771 406.713715 430.745636, 404.178040 424.913879 -418.919586, -419.854858 -415.068451 -416.274872, 
429.765381 -417.393494 404.364655, -413.445435 406.490417 430.548615, 403.852448 425.004669 -419.186218, -419.656464 -415.618896 -415.927643, 
430.117218 -417.073303 404.093414, -413.209625 406.620483 430.873169, 402.992798 425.451080 -419.763000, -419.629089 -415.975677 -415.385529, 
430.682648 -416.861572 403.919983, -413.243896 406.347321 431.138153, 402.406799 425.616852 -419.915466, -419.631561 -416.270264 -415.088013, 
431.093964 -416.500092 403.519318, -413.320435 406.178345 431.436035, 401.789764 425.882996 -420.185638, -419.745667 -416.576691 -414.825165, 
431.900757 -416.053162 403.262543, -413.062408 406.137939 431.703461, 400.928223 425.971375 -420.920044, -419.903412 -417.090088 -414.030029, 
432.026093 -415.912811 403.276611, -413.120148 406.081635 431.726135, 400.222412 426.081390 -421.106323, -419.769226 -417.785614 -413.822449, 
432.863556 -415.056580 403.064484, -413.067932 406.164917 431.763184, 399.701202 426.443726 -421.860840, -419.684204 -418.128143 -413.048676, 
433.011322 -414.889923 403.095795, -413.105774 406.112518 431.784912, 398.947662 426.523956 -422.078339, -419.559906 -418.875275 -412.819153, 
433.840668 -414.025391 403.012665, -413.027283 406.163147 431.947968, 398.162872 426.549408 -422.965698, -419.624054 -419.424957 -411.959595, 
434.087219 -413.896545 403.074402, -413.016815 406.358704 431.795929, 397.896790 426.490845 -423.090576, -419.608917 -419.975677 -411.391937, 
434.814117 -412.958649 402.987732, -413.048584 406.147736 431.994263, 397.022430 426.603149 -423.989685, -419.584656 -420.444244 -410.973633, 
435.350677 -412.466583 402.648560, -413.205078 406.273926 431.821228, 396.605957 426.760651 -424.303772, -419.741943 -421.017517 -410.301636, 
435.930023 -412.037964 402.507721, -413.068024 406.062958 431.908752, 395.703064 426.784271 -424.996094, -419.711609 -421.786041 -409.888580, 
436.217407 -411.862793 402.394165, -412.975189 406.248871 432.079651, 395.160858 426.841248 -425.248688, -419.878418 -422.113342 -409.297577, 
436.970245 -411.214783 402.326904, -412.420502 406.124725 432.469879, 394.370789 426.843323 -426.274811, -419.797455 -422.590576 -408.770721, 
437.280975 -410.859192 402.229034, -412.150055 406.316925 432.692566, 393.650513 426.830139 -426.931396, -419.958740 -422.976257 -408.200684, 
437.821381 -410.265564 402.174866, -412.332184 406.124725 432.811127, 393.061249 426.998932 -427.289764, -419.879211 -423.288147 -407.932831, 
438.102631 -409.954620 402.255188, -412.087830 406.400726 432.665588, 392.623657 426.781311 -427.923035, -419.930206 -423.927063 -407.262573, 
438.770111 -409.262817 402.139496, -412.259399 406.130402 432.894073, 391.969482 427.007751 -428.317780, -419.843842 -424.258972 -406.932465, 
439.138733 -408.885345 401.922180, -412.076874 406.254791 433.020050, 390.856232 427.438843 -428.922577, -419.697052 -425.110718 -406.303558, 
440.132935 -408.285278 401.287018, -412.147003 405.748016 433.582458, 389.642639 427.877655 -429.391388, -419.804596 -425.635132 -405.854309, 
441.122223 -407.800781 401.052277, -411.970367 405.210938 433.975769, 388.759857 427.929474 -430.093842, -419.852570 -426.165833 -405.241516, 
441.908508 -407.067352 400.965546, -411.581451 405.120087 434.060303, 387.762390 427.928436 -431.152893, -419.757629 -427.051788 -404.606598, 
442.460419 -406.848450 400.398682, -411.136658 405.205139 434.609833, 386.634796 428.110352 -431.845184, -420.083740 -427.594604 -403.805603, 
443.312897 -406.154419 399.929993, -411.219177 405.197205 434.986755, 385.729858 428.520782 -432.242737, -420.381470 -427.940247 -402.887878, 
444.107941 -405.793335 399.333588, -410.858368 405.256775 435.297058, 384.941498 428.694305 -432.942505, -420.694092 -428.300842 -402.053528, 
444.854218 -405.301941 399.133850, -410.519135 404.960907 435.941406, 383.726318 428.883087 -433.596954, -420.623810 -428.922150 -401.544373, 
445.308136 -404.978821 399.009949, -410.363251 404.675018 436.300323, 382.957886 428.900513 -434.156494, -420.734344 -429.271301 -401.175995, 
446.036041 -404.116913 398.902740, -410.303375 404.396149 436.718872, 381.755585 429.008667 -435.001038, -420.669861 -429.975433 -400.668793, 
446.947998 -403.756104 398.060516, -409.975800 404.346558 437.099213, 380.730743 429.719025 -435.613647, -420.746124 -430.395111 -399.846619, 
447.449097 -403.313660 397.961609, -409.490814 404.512421 437.704315, 379.513275 429.799408 -436.321381, -420.820160 -431.053741 -399.020874, 
448.248840 -402.945374 397.327118, -409.240936 404.256012 437.854462, 378.529633 430.026459 -436.992279, -420.949677 -431.818848 -398.478973, 
449.109436 -402.198792 397.079529, -409.435791 404.152985 438.089752, 377.773468 430.590881 -437.280121, -420.752228 -432.219910 -397.727539, 
449.887909 -401.761383 396.888550, -409.075745 404.189697 438.495880, 376.721680 430.583984 -437.976837, -420.847351 -432.900330 -396.770660, 
450.415009 -401.214874 396.421234, -409.132629 404.310852 438.685455, 375.999420 430.858612 -438.395142, -421.095886 -433.221802 -396.118530, 
450.988251 -400.812012 396.064972, -408.831299 404.254028 438.781525, 375.021149 430.635071 -439.192932, -421.496490 -433.976288 -395.537476, 
451.408142 -400.269562 396.098358, -408.328583 404.620026 438.826691, 374.712402 430.393341 -440.103943, -421.654663 -434.175079 -394.823883, 
452.120758 -399.786774 395.951874, -408.111115 404.681580 438.919525, 373.761993 430.380371 -440.759064, -421.709167 -434.998413 -393.928894, 
453.080200 -399.121857 395.324524, -408.136078 404.590912 439.183044, 372.920227 430.715851 -441.254333, -421.943420 -435.411255 -393.081543, 
453.734955 -398.681854 395.068085, -407.850952 404.317627 439.677490, 371.712433 430.842041 -441.945831, -421.906281 -436.066193 -392.604401, 
454.206512 -398.160522 395.138947, -407.553314 404.538605 439.781677, 370.819092 430.809082 -442.604889, -421.840149 -436.871552 -391.802338, 
454.948700 -397.735382 394.895599, -407.261078 404.672363 439.975922, 370.027496 430.801910 -443.245514, -422.023621 -437.389618 -390.828033, 
455.517181 -397.037964 394.329742, -407.130249 404.992126 439.840332, 369.426239 430.647766 -444.096893, -422.670868 -437.947327 -389.864044, 
456.335724 -396.603851 394.055664, -406.813263 404.984528 440.074371, 368.641571 430.693390 -444.746887, -422.781067 -438.397034 -389.028168, 
457.022461 -396.167480 393.872772, -406.483643 404.725830 440.669800, 367.506165 430.924377 -445.271790, -422.657837 -438.933929 -388.545471, 
457.848419 -395.873047 393.135681, -406.106140 404.734497 440.932953, 366.698181 431.187653 -445.889465, -422.969330 -439.311035 -387.710602, 
458.340332 -395.116516 393.010956, -406.364899 404.785126 441.016663, 365.590942 431.721100 -446.241058, -422.683258 -440.120850 -387.061096, 
459.053009 -394.689056 392.706238, -406.024048 404.479828 441.523254, 364.440643 431.841034 -446.953705, -422.657074 -440.693756 -386.574341, 
460.039856 -393.984863 392.147247, -406.072235 404.395203 441.755127, 363.557190 432.199677 -447.407745, -422.767792 -441.187195 -385.689331, 
460.882874 -392.978912 391.974854, -406.148376 404.318420 441.793274, 362.417755 432.541290 -448.214783, -422.523712 -442.056793 -384.872955, 
461.454315 -392.211060 391.587830, -406.044281 404.436981 441.819672, 361.318573 432.540436 -449.162781, -422.763184 -442.906586 -384.021454, 
462.027466 -391.810974 391.413910, -405.844543 404.241272 442.024384, 360.597717 432.582092 -449.753693, -422.729919 -443.273590 -383.656006, 
462.923309 -391.314423 391.199677, -405.416382 404.259430 442.586426, 359.381378 432.659210 -450.360260, -422.764221 -443.997498 -382.561066, 
463.259277 -390.958618 391.072235, -405.155640 404.446289 442.733917, 358.695526 432.647675 -450.940369, -422.878113 -444.393341 -381.949463, 
464.140198 -390.198181 390.960388, -405.260101 404.399048 442.778961, 357.791016 432.701080 -451.419891, -422.805084 -445.237091 -380.988525, 
464.997833 -389.766693 390.305939, -404.943695 404.422760 442.821320, 356.671509 432.794189 -452.208221, -423.056335 -446.141815 -379.994965, 
465.437286 -389.219696 390.093018, -404.323914 404.846008 442.884705, 355.658783 432.433075 -453.352478, -423.533386 -446.901184 -378.957153, 
466.179474 -388.752991 389.849548, -404.025482 404.905182 443.090057, 354.945007 432.413849 -453.991486, -423.641235 -447.324677 -378.096436, 
466.984772 -388.229187 389.297211, -404.069397 404.497620 443.666656, 353.703125 432.751801 -454.330414, -423.661591 -447.923340 -377.577698, 
467.263306 -387.921906 389.143585, -403.803436 404.757690 443.828156, 353.024323 432.710358 -454.876953, -423.830170 -448.315735 -376.900482, 
468.048859 -387.349121 389.077209, -403.465240 404.978882 443.702637, 352.611267 432.631500 -455.481812, -423.790375 -448.905121 -375.943298, 
468.829498 -386.822906 388.819122, -403.171936 405.090637 443.887085, 351.874268 432.565155 -456.171204, -423.984924 -449.302887 -374.993835, 
469.158783 -386.205048 388.387817, -402.944946 405.728973 443.839355, 350.871368 432.648254 -456.990448, -424.251770 -450.058319 -373.928986, 
469.829163 -386.217438 387.922485, -402.288788 405.967468 444.085571, 349.947662 432.427185 -457.471130, -424.820465 -450.760590 -372.760590, 
470.263550 -386.069763 387.223297, -401.793976 406.031860 444.772644, 348.896973 432.592133 -458.103882, -425.261047 -450.938873 -372.051697, 
470.593933 -385.984711 386.757355, -400.814941 406.562469 445.057129, 348.247375 432.344971 -459.034393, -425.847595 -451.051636 -371.291748, 
471.154358 -385.641052 386.206909, -400.212646 406.767303 445.423492, 347.460632 432.416931 -459.805359, -426.088776 -451.448029 -370.442474, 
471.826630 -385.446716 385.758148, -400.010681 406.956207 445.676270, 346.838257 432.315491 -460.059113, -426.666138 -451.732452 -369.348419, 
472.199097 -385.235199 385.152100, -399.637634 407.191406 445.864990, 346.052002 432.420166 -460.670319, -427.015045 -452.128906 -368.616882, 
472.702301 -385.314270 384.805237, -398.862152 407.896759 445.841156, 345.701538 432.018311 -461.138977, -427.640839 -452.544159 -367.324585, 
473.124634 -385.309601 384.146729, -398.107727 408.127686 446.132294, 344.901459 432.123077 -461.873962, -427.948273 -452.859985 -366.645599, 
473.710236 -385.149750 383.847076, -397.701874 408.510010 446.724792, 344.027313 432.165771 -462.161957, -428.116882 -453.134705 -365.548950, 
