-464.000000 -986.000000 -496.000000, -27.000000 -654.000000 700.000000, -788.000000 452.000000 392.000000, 776.000000 844.000000 -901.000000, 
-177.717194 -475.960510 -451.652313, 234.266510 -375.160522 484.880310, -436.594574 462.153198 187.709473, 489.219208 441.953552 -435.330811, 
-112.551949 -251.815323 -243.280365, 124.040932 -177.285294 252.937149, -472.180359 477.057465 215.837555, 498.705811 438.637146 -369.368927, 
-84.442680 -161.551559 -163.064468, 85.667061 -112.392715 171.939224, -511.480957 508.717102 230.997101, 518.799438 460.410675 -353.306122, 
-65.583664 -116.900940 -119.157646, 64.196022 -83.214188 127.008087, -528.677307 513.232605 236.674683, 531.830078 461.877350 -337.401337, 
-52.763180 -90.904373 -92.632744, 50.575203 -67.375610 99.254471, -536.849915 506.140167 237.083511, 541.614136 453.857086 -321.060455, 
-43.726761 -73.959648 -75.474564, 41.153389 -57.257912 80.897766, -541.924072 495.531525 234.912827, 550.402588 442.128937 -305.127533, 
-37.147877 -61.934174 -63.581947, 34.403904 -50.127953 68.046524, -546.613770 483.999176 230.314682, 558.967346 429.282257 -290.155212, 
-32.137115 -52.966915 -54.935871, 29.181402 -44.686943 58.769253, -551.634399 473.032562 224.612534, 566.628052 415.520538 -276.831482, 
-28.361679 -46.261681 -48.229729, 25.114359 -40.163841 51.614300, -556.076416 463.288696 217.639633, 574.547607 400.822968 -264.167664, 
-25.091074 -40.974316 -43.079975, 21.619480 -36.413326 46.150536, -560.158081 454.248566 209.850647, 582.203735 385.833435 -252.559555, 
-22.351973 -36.509640 -38.997833, 18.555206 -33.404488 41.838356, -563.755432 446.666748 201.448044, 589.946777 369.876251 -241.362808, 
-20.169847 -33.064106 -35.439194, 16.074997 -30.630442 38.133457, -566.558411 439.438507 192.720276, 596.909424 353.456757 -230.775681, 
-18.319658 -30.347565 -32.504066, 13.909244 -28.007105 35.132202, -569.354553 433.672852 183.571533, 603.912292 336.917694 -220.550964, 
-16.584515 -27.655884 -30.077669, 11.728353 -26.031256 32.636150, -571.492126 429.003906 174.405060, 610.827942 318.672394 -210.128540, 
-15.173327 -25.286079 -28.000498, 9.806353 -24.304379 30.404808, -572.690063 425.825165 165.372253, 618.151367 299.656952 -198.925079, 
-13.999378 -23.454468 -26.167307, 8.071742 -22.461754 28.371666, -573.374939 423.288879 156.041382, 625.667358 279.169128 -186.369904, 
-12.987787 -21.810698 -24.541920, 6.457028 -20.757900 26.561399, -573.765808 421.636627 146.722107, 632.778625 257.280090 -173.514175, 
-12.078687 -20.303457 -23.083530, 4.807536 -19.132364 24.829231, -573.508179 420.921753 136.890793, 640.052002 232.293442 -158.145721, 
-11.360342 -18.916327 -21.843254, 3.231689 -17.572634 23.159231, -572.164185 422.172455 127.147850, 647.737427 204.734695 -139.970612, 
-10.713507 -17.652639 -20.772083, 1.699301 -16.057980 21.571798, -570.117493 424.967865 117.114624, 654.819641 175.428238 -119.669327, 
-9.951899 -16.379274 -19.909367, 0.191819 -14.822844 20.147312, -567.090332 428.729919 106.935905, 660.605530 147.105438 -98.654060, 
-9.369968 -15.554936 -19.109659, -0.926551 -13.405997 18.914190, -563.886658 433.661255 95.950615, 665.324768 121.099480 -79.041153, 
-9.033832 -14.703338 -18.388708, -1.598132 -12.370861 17.827208, -559.543762 439.668274 86.420853, 668.882690 98.866661 -61.945045, 
-8.603313 -13.897466 -17.757599, -2.260882 -11.566810 16.927862, -555.112366 446.354065 77.746956, 670.876282 79.862083 -47.095772, 
-8.047124 -13.107874 -17.170267, -2.913404 -11.025850 16.259872, -550.646973 453.190308 68.872444, 672.086182 64.595474 -35.667957, 
-7.741359 -12.573298 -16.600397, -3.223519 -10.514466 15.700572, -545.770203 460.619568 60.641617, 673.241028 53.377045 -26.640669, 
-7.221518 -11.958862 -16.075359, -3.708535 -10.227256 15.238098, -541.232971 467.088043 53.013950, 673.588501 44.336121 -19.418579, 
-6.882607 -11.242254 -15.600999, -3.991502 -10.156420 14.841887, -537.081726 473.622345 46.713009, 673.969421 37.125286 -13.953927, 
-6.545995 -10.840822 -15.089009, -4.217075 -9.867633 14.425181, -533.034546 478.593842 40.285275, 673.937683 31.435293 -9.107158, 
-6.196492 -10.385105 -14.627704, -4.457090 -9.652006 14.084635, -529.673157 483.450165 34.877552, 673.957642 26.077156 -5.909290, 
-6.041989 -10.131771 -14.152309, -4.486977 -9.329391 13.742833, -526.021851 488.098602 29.367228, 673.956116 21.997932 -3.165221, 
-5.910702 -9.876251 -13.710562, -4.484653 -9.035336 13.409391, -522.619507 492.172028 25.212282, 673.897156 18.215055 -1.211253, 
-5.485234 -9.229899 -13.323004, -4.756927 -9.205404 13.125751, -519.485840 495.378510 21.312956, 673.940002 15.427015 0.142005, 
-5.356014 -9.009846 -12.930414, -4.721294 -8.953637 12.838523, -516.869019 498.294891 17.880585, 674.000244 13.036482 0.881148, 
-5.383446 -9.138288 -12.505511, -4.511993 -8.376815 12.543324, -514.237732 500.573883 14.423312, 673.992065 10.999137 1.036154, 
-5.260326 -8.903614 -12.164196, -4.469653 -8.155153 12.268826, -512.468872 502.590942 11.924492, 673.828369 8.674597 1.820275, 
-5.014390 -8.384212 -11.856912, -4.545763 -8.255316 12.039161, -511.083252 504.288422 9.654233, 673.844299 6.773645 1.822622, 
-4.921551 -8.203428 -11.533946, -4.467932 -8.031076 11.792691, -509.763550 505.724548 7.570940, 673.712585 5.148416 1.546184, 
-4.638009 -7.903213 -11.253422, -4.567179 -7.976908 11.531613, -508.408020 506.396362 6.034923, 673.703674 4.203098 2.120291, 
-4.535418 -7.712600 -11.010559, -4.489599 -7.778827 11.278135, -507.917236 507.133911 5.280646, 673.703796 2.770911 2.871903, 
-4.445209 -7.538721 -10.759149, -4.410542 -7.595416 11.044741, -506.964813 508.020813 4.478216, 673.721130 1.360784 2.850154, 
-4.366510 -7.394769 -10.498614, -4.329549 -7.417017 10.823103, -505.962952 508.791412 3.244300, 673.568115 0.489966 2.549625, 
-4.276893 -7.243760 -10.264148, -4.246692 -7.254478 10.583994, -505.245575 508.883484 2.769161, 673.419678 -0.309249 2.841146, 
-4.185839 -7.100356 -10.046762, -4.167532 -7.103795 10.381049, -505.254059 508.967072 1.929131, 673.412781 -0.285952 2.888077, 
-4.096825 -6.962153 -9.836768, -4.089739 -6.958953 10.184529, -505.273041 508.938416 1.104617, 673.409668 -0.278415 2.922545, 
-4.019408 -6.819030 -9.626159, -4.005688 -6.799652 9.986185, -505.611328 508.585205 0.704959, 673.179993 -0.960127 2.611307, 
-3.941298 -6.696723 -9.432771, -3.932572 -6.664098 9.784247, -505.469788 508.449951 0.298076, 673.005371 -0.995487 2.959624, 
-3.860258 -6.574534 -9.256697, -3.840881 -6.531283 9.599847, -505.745453 507.779907 0.342745, 673.226440 -0.917159 2.955676, 
-3.781585 -6.450951 -9.081308, -3.762492 -6.408214 9.417463, -506.018860 507.170532 0.322613, 673.214600 -0.880602 2.963831, 
-3.710225 -6.329016 -8.920164, -3.691875 -6.286985 9.249795, -506.530670 506.910767 0.305279, 673.192810 -0.812439 2.974091, 
-3.646358 -6.229057 -8.737456, -3.610345 -6.159449 9.079662, -506.672272 506.128204 -0.061013, 673.007141 -0.818431 2.614703, 
-3.582909 -6.120668 -8.585420, -3.547371 -6.052012 8.921289, -506.672272 506.128204 -0.061013, 673.007141 -0.818431 2.614703, 
-3.525425 -6.022093 -8.438065, -3.482336 -5.942789 8.748019, -506.578552 505.913910 0.373624, 672.841431 -0.877350 2.950130, 
-3.601032 -6.226704 -8.265107, -3.274711 -5.505439 8.575818, -507.062653 505.224518 0.271129, 672.572449 -1.131721 2.995624, 
-3.539706 -6.109587 -8.126792, -3.219970 -5.404442 8.439400, -507.441803 505.047119 0.258140, 672.520325 -1.694096 2.962669, 
-3.481000 -6.008259 -7.992009, -3.168704 -5.318397 8.305034, -507.441803 505.047119 0.258140, 672.520325 -1.694096 2.962669, 
-3.441299 -5.941597 -7.840998, -3.101218 -5.203031 8.171732, -507.358185 504.845886 -0.123717, 672.357422 -1.743804 2.622311, 
-3.240059 -5.526440 -7.734218, -3.191198 -5.440759 8.061357, -507.846771 504.121277 -0.099223, 672.315430 -1.962121 2.568008, 
-3.189896 -5.440878 -7.614475, -3.141772 -5.356490 7.936499, -507.846771 504.121277 -0.099223, 672.315430 -1.962121 2.568008, 
-3.145758 -5.365521 -7.497672, -3.089228 -5.268525 7.799172, -507.735046 503.937469 0.290394, 672.159729 -1.999158 2.857505, 
-3.091605 -5.282507 -7.380891, -3.036174 -5.187361 7.677739, -508.023712 503.264160 0.291605, 672.143494 -1.947756 2.867609, 
-3.043670 -5.200104 -7.273646, -2.988615 -5.105960 7.566807, -508.546295 502.985046 0.276239, 672.119263 -1.874717 2.869490, 
-3.166625 -5.259964 -7.148954, -2.747274 -4.884590 7.440754, -508.888428 502.029602 0.463086, 672.233093 -1.806772 2.699075, 
-3.255469 -5.484758 -7.010907, -2.565788 -4.487605 7.305813, -509.092133 501.922485 0.371051, 672.200256 -2.144597 2.750951, 
-3.200684 -5.390864 -6.906957, -2.523300 -4.412612 7.205031, -509.844788 501.112579 0.411218, 672.158020 -2.676800 2.732594, 
-3.188457 -5.362312 -6.783053, -2.454527 -4.302187 7.099895, -509.743866 500.937469 0.033591, 671.981873 -2.739293 2.386174, 
-3.138639 -5.283306 -6.678480, -2.419155 -4.243344 6.998290, -510.078461 500.234344 0.031806, 671.725891 -2.657069 2.398545, 
-3.125145 -5.252435 -6.577044, -2.352246 -4.135760 6.886356, -510.457916 499.845856 0.408586, 671.547485 -2.624552 2.708440, 
-3.075205 -5.176894 -6.481879, -2.316183 -4.080894 6.794532, -510.746521 499.158966 0.434848, 671.533813 -2.582344 2.715969, 
-3.032892 -5.105662 -6.392692, -2.287108 -4.029666 6.709239, -510.746521 499.158966 0.434848, 671.533813 -2.582344 2.715969, 
-2.991727 -5.036365 -6.305925, -2.258753 -3.979708 6.626061, -510.746521 499.158966 0.434848, 671.533813 -2.582344 2.715969, 
-2.903380 -5.143773 -6.195599, -2.271157 -3.734233 6.520575, -511.097656 498.733582 0.152792, 671.665894 -2.814270 2.910513, 
-2.857242 -5.069384 -6.111365, -2.238038 -3.683636 6.442000, -511.910553 497.895569 0.111789, 671.617432 -2.669333 2.907707, 
-2.814592 -5.000947 -6.027488, -2.206638 -3.638543 6.362403, -512.114624 497.316742 0.118331, 671.610046 -2.646621 2.907157, 
-2.775845 -4.932339 -5.950890, -2.179407 -3.592157 6.290475, -512.637695 497.047943 0.099538, 671.582825 -2.561636 2.907869, 
-2.629282 -4.603130 -5.909670, -2.272679 -3.824795 6.263051, -512.721924 496.810974 -0.107614, 671.376892 -2.909138 2.539105, 
-2.591239 -4.543941 -5.833520, -2.241414 -3.778013 6.186946, -512.999512 496.190033 -0.112938, 671.366699 -2.878254 2.536706, 
-2.559528 -4.488333 -5.762130, -2.215544 -3.734409 6.115538, -512.999512 496.190033 -0.112938, 671.366699 -2.878254 2.536706, 
-2.528583 -4.434069 -5.692466, -2.190264 -3.691799 6.045759, -512.999512 496.190033 -0.112938, 671.366699 -2.878254 2.536706, 
-2.498378 -4.381102 -5.624466, -2.165555 -3.650150 5.977555, -512.999512 496.190033 -0.112938, 671.366699 -2.878254 2.536706, 
-2.491571 -4.374512 -5.550415, -2.117794 -3.562266 5.889791, -512.898682 496.010651 0.264944, 671.183350 -2.915103 2.911698, 
-2.462356 -4.323217 -5.485332, -2.094604 -3.523261 5.825299, -512.898682 496.010651 0.264944, 671.183350 -2.915103 2.911698, 
-2.433817 -4.273111 -5.421757, -2.071918 -3.485100 5.762205, -512.898682 496.010651 0.264944, 671.183350 -2.915103 2.911698, 
-2.405932 -4.224154 -5.359639, -2.049717 -3.447757 5.700462, -512.898682 496.010651 0.264944, 671.183350 -2.915103 2.911698, 
-2.378679 -4.176304 -5.298927, -2.027987 -3.411205 5.640029, -512.898682 496.010651 0.264944, 671.183350 -2.915103 2.911698, 
-2.352037 -4.129528 -5.239577, -2.006713 -3.375421 5.580864, -512.898682 496.010651 0.264944, 671.183350 -2.915103 2.911698, 
-2.325984 -4.083786 -5.181540, -1.985881 -3.340380 5.522928, -512.898682 496.010651 0.264944, 671.183350 -2.915103 2.911698, 
-2.478212 -4.178815 -5.090899, -1.767819 -3.154344 5.432732, -513.001709 495.710388 0.465528, 671.313477 -2.915689 2.714362, 
-2.444304 -4.128068 -5.033692, -1.744933 -3.117867 5.377520, -513.751038 494.837891 0.464836, 671.281372 -2.816547 2.714359, 
-2.412484 -4.081096 -4.975925, -1.722217 -3.084978 5.320758, -514.071899 494.078827 0.499376, 671.265076 -2.764699 2.722260, 
-2.432708 -4.104503 -4.895406, -1.653221 -2.977680 5.251718, -514.425903 493.663025 0.191591, 671.071655 -2.710725 2.381391, 
-2.549590 -4.395605 -4.745189, -1.472331 -2.574948 5.102382, -514.908997 492.925079 0.026701, 671.059082 -2.987995 2.409236, 
-2.516491 -4.345427 -4.690222, -1.455301 -2.550087 5.053542, -515.161499 492.285858 -0.003093, 671.049072 -2.956650 2.410350, 
-2.487253 -4.294941 -4.640943, -1.440475 -2.523490 5.009771, -515.714661 491.971954 0.012720, 671.026367 -2.889180 2.411127, 
-2.455117 -4.246614 -4.588019, -1.424082 -2.499515 4.962703, -516.003357 491.296600 -0.046402, 671.012634 -2.846038 2.414878, 
-2.498436 -4.315263 -4.494899, -1.332768 -2.346880 4.860078, -516.480774 490.811981 0.384714, 670.812927 -2.810893 2.773786, 
-2.468804 -4.266917 -4.442144, -1.319461 -2.325553 4.812449, -516.744812 490.142792 0.398694, 670.565308 -2.782595 2.808198, 
-2.442736 -4.221861 -4.395238, -1.308264 -2.305819 4.771611, -516.744812 490.142792 0.398694, 670.565308 -2.782595 2.808198, 
-2.417212 -4.177748 -4.349313, -1.297256 -2.286417 4.731461, -516.744812 490.142792 0.398694, 670.565308 -2.782595 2.808198, 
-2.392216 -4.134547 -4.304338, -1.286431 -2.267339 4.691980, -516.744812 490.142792 0.398694, 670.565308 -2.782595 2.808198, 
